-20,-30,-0.0138
-20,-25,-0.0009
-20,-20,0.0106
-20,-15,0.0227
-20,-10,0.0248
-20,-8,0.0145
-20,-6,0.0112
-20,-4,0.005
-20,-2,0.0031
-20,0,0
-20,2,-0.0033
-20,4,-0.0081
-20,6,-0.0077
-20,8,-0.016
-20,10,-0.0186
-20,15,-0.0167
-20,20,-0.0044
-20,25,0.0074
-20,30,-0.0256
-15,-30,-0.0061
-15,-25,0.0033
-15,-20,0.014
-15,-15,0.0209
-15,-10,0.0157
-15,-8,0.0105
-15,-6,0.0066
-15,-4,0.006
-15,-2,0.0027
-15,0,0
-15,2,-0.0024
-15,4,-0.0049
-15,6,-0.0075
-15,8,-0.009
-15,10,-0.0134
-15,15,-0.0193
-15,20,-0.0123
-15,25,-0.0017
-15,30,0.0081
-10,-30,0
-10,-25,0.0074
-10,-20,0.0131
-10,-15,0.0151
-10,-10,0.0139
-10,-8,0.0108
-10,-6,0.0088
-10,-4,0.0034
-10,-2,0.0008
-10,0,0
-10,2,-0.0006
-10,4,-0.0051
-10,6,-0.0076
-10,8,-0.0096
-10,10,-0.013
-10,15,-0.014
-10,20,-0.0123
-10,25,-0.0065
-10,30,0.0008
-5,-30,0.0171
-5,-25,0.0196
-5,-20,0.0186
-5,-15,0.0204
-5,-10,0.0181
-5,-8,0.0142
-5,-6,0.0111
-5,-4,0.0081
-5,-2,0.0039
-5,0,0
-5,2,-0.0035
-5,4,-0.0071
-5,6,-0.0109
-5,8,-0.0141
-5,10,-0.0175
-5,15,-0.0203
-5,20,-0.0184
-5,25,-0.0194
-5,30,-0.0174
0,-30,0.0267
0,-25,0.0261
0,-20,0.0245
0,-15,0.0215
0,-10,0.0188
0,-8,0.0147
0,-6,0.0105
0,-4,0.0058
0,-2,0.0026
0,0,0
0,2,-0.0029
0,4,-0.0065
0,6,-0.0108
0,8,-0.0152
0,10,-0.0188
0,15,-0.0215
0,20,-0.0247
0,25,-0.0263
0,30,-0.0269
5,-30,0.0427
5,-25,0.0376
5,-20,0.0355
5,-15,0.0285
5,-10,0.022
5,-8,0.018
5,-6,0.0138
5,-4,0.0099
5,-2,0.0065
5,0,0
5,2,-0.0061
5,4,-0.0111
5,6,-0.0143
5,8,-0.0186
5,10,-0.0228
5,15,-0.0293
5,20,-0.0358
5,25,-0.0378
5,30,-0.0425
10,-30,0.0622
10,-25,0.0596
10,-20,0.0551
10,-15,0.0454
10,-10,0.0331
10,-8,0.0266
10,-6,0.0208
10,-4,0.0146
10,-2,0.0074
10,0,0
10,2,-0.0067
10,4,-0.0158
10,6,-0.0221
10,8,-0.0271
10,10,-0.0332
10,15,-0.0441
10,20,-0.0534
10,25,-0.0573
10,30,-0.0597
15,-30,0.0776
15,-25,0.0696
15,-20,0.0623
15,-15,0.0544
15,-10,0.0435
15,-8,0.0372
15,-6,0.0303
15,-4,0.0213
15,-2,0.0112
15,0,0
15,2,-0.011
15,4,-0.0219
15,6,-0.0303
15,8,-0.0379
15,10,-0.0454
15,15,-0.056
15,20,-0.0637
15,25,-0.0708
15,30,-0.0783
20,-30,0.083
20,-25,0.0794
20,-20,0.0694
20,-15,0.0558
20,-10,0.0427
20,-8,0.0332
20,-6,0.0243
20,-4,0.0172
20,-2,0.0079
20,0,0
20,2,-0.0102
20,4,-0.0202
20,6,-0.0215
20,8,-0.0294
20,10,-0.0394
20,15,-0.052
20,20,-0.0653
20,25,-0.0753
20,30,-0.0784
25,-30,0.0892
25,-25,0.076
25,-20,0.0635
25,-15,0.0524
25,-10,0.0306
25,-8,0.0214
25,-6,0.0174
25,-4,0.0136
25,-2,0.0061
25,0,0
25,2,-0.0077
25,4,-0.0142
25,6,-0.202
25,8,-0.0221
25,10,-0.0277
25,15,-0.0493
25,20,-0.0605
25,25,-0.0732
25,30,-0.0864
30,-30,0.0791
30,-25,0.0452
30,-20,0.0194
30,-15,0.0041
30,-10,-0.0046
30,-8,0.0112
30,-6,0.0109
30,-4,0.0061
30,-2,0.0031
30,0,0
30,2,-0.0038
30,4,-0.0072
30,6,-0.0107
30,8,-0.0128
30,10,-0.0156
30,15,-0.0241
30,20,-0.0391
30,25,-0.0649
30,30,-0.0989
35,-30,0.0751
35,-25,0.0563
35,-20,0.0348
35,-15,0.0071
35,-10,-0.003
35,-8,-0.0077
35,-6,-0.0002
35,-4,0.0085
35,-2,0.0016
35,0,0
35,2,-0.0004
35,4,-0.0006
35,6,0.0005
35,8,0.0029
35,10,0.0086
35,15,-0.0013
35,20,-0.0291
35,25,-0.0503
35,30,-0.0691
40,-30,0.0673
40,-25,0.0583
40,-20,0.0297
40,-15,0.005
40,-10,-0.0002
40,-8,0.0031
40,-6,0.0106
40,-4,0.0053
40,-2,0.0055
40,0,0
40,2,-0.0054
40,4,-0.0077
40,6,-0.0099
40,8,-0.0058
40,10,-0.0068
40,15,-0.012
40,20,-0.0367
40,25,-0.0654
40,30,-0.0741
45,-30,0.0778
45,-25,0.0625
45,-20,0.0411
45,-15,0.0326
45,-10,0.0187
45,-8,0.0163
45,-6,0.0141
45,-4,0.0165
45,-2,0.0115
45,0,0
45,2,-0.0021
45,4,-0.0079
45,6,-0.0105
45,8,-0.0134
45,10,-0.0149
45,15,-0.0288
45,20,-0.0375
45,25,-0.0588
45,30,-0.0738
50,-30,0.0619
50,-25,0.0519
50,-20,0.0393
50,-15,0.0326
50,-10,0.0192
50,-8,0.0177
50,-6,0.0151
50,-4,0.0103
50,-2,0.0062
50,0,0
50,2,-0.0047
50,4,-0.0115
50,6,-0.0151
50,8,-0.023
50,10,-0.0258
50,15,-0.0392
50,20,-0.0459
50,25,-0.0585
50,30,-0.0685
55,-30,0.0476
55,-25,0.0336
55,-20,0.0258
55,-15,0.0149
55,-10,0.0016
55,-8,0.0045
55,-6,0.0066
55,-4,0.0046
55,-2,0.0035
55,0,0
55,2,-0.0078
55,4,-0.0157
55,6,-0.0215
55,8,-0.0244
55,10,-0.0232
55,15,-0.0365
55,20,-0.0474
55,25,-0.0552
55,30,-0.0692
60,-30,0.0611
60,-25,0.0428
60,-20,0.0321
60,-15,0.0263
60,-10,0.0219
60,-8,0.0165
60,-6,0.0161
60,-4,0.0102
60,-2,0.0071
60,0,0
60,2,-0.0042
60,4,-0.0081
60,6,-0.0142
60,8,-0.019
60,10,-0.0211
60,15,-0.0255
60,20,-0.0313
60,25,-0.042
60,30,-0.0603
70,-30,0.0654
70,-25,0.0502
70,-20,0.0358
70,-15,0.0224
70,-10,0.0185
70,-8,0.0175
70,-6,0.013
70,-4,0.0112
70,-2,0.0064
70,0,0
70,2,-0.0064
70,4,-0.0097
70,6,-0.0146
70,8,-0.0181
70,10,-0.0209
70,15,-0.029
70,20,-0.0424
70,25,-0.0568
70,30,-0.072
80,-30,0.0638
80,-25,0.0506
80,-20,0.038
80,-15,0.0287
80,-10,0.0179
80,-8,0.0138
80,-6,0.0134
80,-4,0.005
80,-2,0.0052
80,0,0
80,2,-0.0028
80,4,-0.0052
80,6,-0.0101
80,8,-0.0147
80,10,-0.0194
80,15,-0.0302
80,20,-0.0395
80,25,-0.0521
80,30,-0.0653
90,-30,0.0607
90,-25,0.0486
90,-20,0.0407
90,-15,0.0305
90,-10,0.0211
90,-8,0.018
90,-6,0.0165
90,-4,0.0116
90,-2,0.007
90,0,0
90,2,-0.0008
90,4,-0.0017
90,6,-0.0198
90,8,-0.013
90,10,-0.015
90,15,-0.0244
90,20,-0.0346
90,25,-0.0425
90,30,-0.0546
