-20,-30,-0.0818
-20,-25,-0.1023
-20,-20,-0.106
-20,-15,-0.1334
-20,-10,-0.1866
-20,-8,-0.2149
-20,-6,-0.2128
-20,-4,-0.2055
-20,-2,-0.203
-20,0,-0.2093
-20,2,-0.2204
-20,4,-0.2176
-20,6,-0.2185
-20,8,-0.2077
-20,10,-0.1946
-20,15,-0.133
-20,20,-0.106
-20,25,-0.102
-20,30,-0.082
-15,-30,-0.116
-15,-25,-0.1432
-15,-20,-0.1646
-15,-15,-0.202
-15,-10,-0.2635
-15,-8,-0.2792
-15,-6,-0.2868
-15,-4,-0.2906
-15,-2,-0.3059
-15,0,-0.3079
-15,2,-0.3052
-15,4,-0.2933
-15,6,-0.2816
-15,8,-0.275
-15,10,-0.2717
-15,15,-0.208
-15,20,-0.173
-15,25,-0.151
-15,30,-0.123
-10,-30,-0.1527
-10,-25,-0.1845
-10,-20,-0.2168
-10,-15,-0.248
-10,-10,-0.274
-10,-8,-0.2816
-10,-6,-0.2874
-10,-4,-0.2952
-10,-2,-0.3025
-10,0,-0.3391
-10,2,-0.2988
-10,4,-0.2907
-10,6,-0.2825
-10,8,-0.2794
-10,10,-0.2734
-10,15,-0.246
-10,20,-0.215
-10,25,-0.183
-10,30,-0.15
-5,-30,-0.177
-5,-25,-0.2
-5,-20,-0.237
-5,-15,-0.252
-5,-10,-0.263
-5,-8,-0.2698
-5,-6,-0.2734
-5,-4,-0.2737
-5,-2,-0.2738
-5,0,-0.2741
-5,2,-0.2761
-5,4,-0.2782
-5,6,-0.2785
-5,8,-0.2756
-5,10,-0.2632
-5,15,-0.2527
-5,20,-0.237
-5,25,-0.2002
-5,30,-0.1772
0,-30,-0.174
0,-25,-0.197
0,-20,-0.234
0,-15,-0.247
0,-10,-0.2487
0,-8,-0.2486
0,-6,-0.2493
0,-4,-0.2489
0,-2,-0.2539
0,0,-0.2527
0,2,-0.2524
0,4,-0.2524
0,6,-0.2532
0,8,-0.2517
0,10,-0.2491
0,15,-0.2491
0,20,-0.2359
0,25,-0.1983
0,30,-0.1748
5,-30,-0.164
5,-25,-0.192
5,-20,-0.219
5,-15,-0.243
5,-10,-0.2429
5,-8,-0.2425
5,-6,-0.2441
5,-4,-0.2476
5,-2,-0.254
5,0,-0.2562
5,2,-0.2589
5,4,-0.2581
5,6,-0.2482
5,8,-0.2428
5,10,-0.2427
5,15,-0.2434
5,20,-0.2199
5,25,-0.1939
5,30,-0.1612
10,-30,-0.128
10,-25,-0.162
10,-20,-0.188
10,-15,-0.216
10,-10,-0.2297
10,-8,-0.2289
10,-6,-0.2391
10,-4,-0.2519
10,-2,-0.2626
10,0,-0.2554
10,2,-0.2599
10,4,-0.253
10,6,-0.2501
10,8,-0.2367
10,10,-0.233
10,15,-0.222
10,20,-0.1938
10,25,-0.1664
10,30,-0.1338
15,-30,-0.116
15,-25,-0.148
15,-20,-0.181
15,-15,-0.215
15,-10,-0.2186
15,-8,-0.2174
15,-6,-0.2272
15,-4,-0.2283
15,-2,-0.2258
15,0,-0.2157
15,2,-0.2184
15,4,-0.2297
15,6,-0.2305
15,8,-0.231
15,10,-0.219
15,15,-0.2175
15,20,-0.1838
15,25,-0.1502
15,30,-0.1195
20,-30,-0.068
20,-25,-0.093
20,-20,-0.124
20,-15,-0.154
20,-10,-0.2203
20,-8,-0.2311
20,-6,-0.2272
20,-4,-0.2205
20,-2,-0.2205
20,0,-0.2165
20,2,-0.2182
20,4,-0.2138
20,6,-0.2589
20,8,-0.2705
20,10,-2751
20,15,-0.2111
20,20,-0.1811
20,25,-0.1482
20,30,-0.1227
25,-30,-0.075
25,-25,-0.109
25,-20,-0.132
25,-15,-0.133
25,-10,-0.1882
25,-8,-0.2123
25,-6,-0.2264
25,-4,-0.2304
25,-2,-0.2337
25,0,-0.2325
25,2,-0.2322
25,4,-0.2269
25,6,-0.2243
25,8,-0.2382
25,10,-0.2465
25,15,-0.1828
25,20,-0.1848
25,25,-0.1595
25,30,-0.125
30,-30,-0.097
30,-25,-0.186
30,-20,-0.186
30,-15,-0.198
30,-10,-0.1989
30,-8,-0.1828
30,-6,-0.1798
30,-4,-0.1762
30,-2,-0.1751
30,0,-0.174
30,2,-0.1732
30,4,-0.1782
30,6,-0.1855
30,8,-0.1875
30,10,-0.1852
30,15,-0.1824
30,20,-0.1732
30,25,-0.1478
30,30,-0.0814
35,-30,-0.104
35,-25,-0.16
35,-20,-0.185
35,-15,-0.208
35,-10,-0.1936
35,-8,-0.1746
35,-6,-0.1503
35,-4,-0.1433
35,-2,-0.1416
35,0,-0.1401
35,2,-0.144
35,4,-0.1502
35,6,-0.1555
35,8,-0.1616
35,10,-0.1694
35,15,-0.1825
35,20,-0.1603
35,25,-0.1356
35,30,-0.0808
40,-30,-0.025
40,-25,-0.084
40,-20,-0.112
40,-15,-0.13
40,-10,-0.1248
40,-8,-0.1157
40,-6,-0.1182
40,-4,-0.1245
40,-2,-0.14
40,0,-0.132
40,2,-0.1411
40,4,-0.1463
40,6,-0.1532
40,8,-0.1523
40,10,-0.1562
40,15,-0.1636
40,20,-0.1432
40,25,-0.1159
40,30,-0.0582
45,-30,-0.057
45,-25,-0.068
45,-20,-0.088
45,-15,-0.126
45,-10,-0.1157
45,-8,-0.1018
45,-6,-0.1055
45,-4,-0.1203
45,-2,-0.123
45,0,-0.1113
45,2,-0.1232
45,4,-0.1304
45,6,-0.135
45,8,-0.1445
45,10,-0.1488
45,15,-0.1618
45,20,-0.1188
45,25,-0.1003
45,30,-0.0933
50,-30,-0.108
50,-25,-0.093
50,-20,-0.093
50,-15,-0.087
50,-10,-0.0745
50,-8,-0.0894
50,-6,-0.1198
50,-4,-0.1388
50,-2,-0.1366
50,0,-0.1234
50,2,-0.1254
50,4,-0.1416
50,6,-0.1463
50,8,-0.1508
50,10,-0.1421
50,15,-0.155
50,20,-0.1585
50,25,-0.1588
50,30,-0.1771
55,-30,-0.125
55,-25,-0.115
55,-20,-0.207
55,-15,-0.103
55,-10,-0.0588
55,-8,-0.0831
55,-6,-0.1095
55,-4,-0.0791
55,-2,-0.1189
55,0,-0.0929
55,2,-0.1186
55,4,-0.1533
55,6,-0.1523
55,8,-0.1304
55,10,-0.1158
55,15,-0.158
55,20,-0.2612
55,25,-0.1702
55,30,-0.1812
60,-30,-0.143
60,-25,-0.082
60,-20,-0.085
60,-15,-0.091
60,-10,-0.1251
60,-8,-0.1492
60,-6,-0.1507
60,-4,-0.157
60,-2,-0.1589
60,0,-0.1584
60,2,-0.1689
60,4,-0.1773
60,6,-0.1947
60,8,-0.1982
60,10,-0.215
60,15,-0.1808
60,20,-0.1737
60,25,-0.1719
60,30,-0.2333
70,-30,-0.422
70,-25,-0.438
70,-20,-0.425
70,-15,-0.433
70,-10,-0.339
70,-8,-0.3231
70,-6,-0.2373
70,-4,-0.2547
70,-2,-0.2277
70,0,-0.2303
70,2,-0.3505
70,4,-0.1931
70,6,-0.188
70,8,-0.2371
70,10,-0.2701
70,15,-0.3635
70,20,-0.3563
70,25,-0.3697
70,30,-0.3534
80,-30,-0.45
80,-25,-0.5
80,-20,-0.524
80,-15,-0.514
80,-10,-0.4633
80,-8,-0.4648
80,-6,-0.4746
80,-4,-0.4862
80,-2,-0.4621
80,0,-0.4716
80,2,-0.4474
80,4,-0.3916
80,6,-0.4082
80,8,-0.4299
80,10,-0.4593
80,15,-0.5113
80,20,-0.5202
80,25,-0.4961
80,30,-0.446
90,-30,-0.56
90,-25,-0.592
90,-20,-0.513
90,-15,-0.593
90,-10,-0.5674
90,-8,-0.603
90,-6,-0.5774
90,-4,-0.6021
90,-2,-0.5938
90,0,-0.5886
90,2,-0.5839
90,4,-0.5673
90,6,-0.57
90,8,-0.5885
90,10,-0.5696
90,15,-0.5961
90,20,-0.6158
90,25,-0.5951
90,30,-0.5634
