-20,-30,-0.0551
-20,-25,-0.0588
-20,-20,-0.0496
-20,-15,-0.0406
-20,-10,-0.0219
-20,-8,-0.0145
-20,-6,-0.0075
-20,-4,-0.0012
-20,-2,0.0002
-20,0,0
-20,2,-0.0009
-20,4,0.0012
-20,6,0.0059
-20,8,0.0099
-20,10,0.0141
-20,15,0.0333
-20,20,0.0425
-20,25,0.0516
-20,30,0.0477
-15,-30,-0.0561
-15,-25,-0.0527
-15,-20,-0.0456
-15,-15,-0.0333
-15,-10,-0.0248
-15,-8,-0.0179
-15,-6,-0.0127
-15,-4,-0.0057
-15,-2,-0.0018
-15,0,0
-15,2,0.0025
-15,4,0.0058
-15,6,0.0111
-15,8,0.018
-15,10,0.0238
-15,15,0.033
-15,20,0.045
-15,25,0.0521
-15,30,0.0553
-10,-30,-0.0666
-10,-25,-0.0637
-10,-20,-0.0545
-10,-15,-0.0486
-10,-10,-0.0297
-10,-8,-0.0233
-10,-6,-0.0145
-10,-4,-0.0079
-10,-2,-0.0031
-10,0,0
-10,2,0.0028
-10,4,0.0075
-10,6,0.015
-10,8,0.0221
-10,10,0.0302
-10,15,0.0474
-10,20,0.0552
-10,25,0.0646
-10,30,0.0674
-5,-30,-0.0902
-5,-25,-0.0812
-5,-20,-0.0664
-5,-15,-0.0523
-5,-10,-0.0366
-5,-8,-0.0277
-5,-6,-0.0194
-5,-4,-0.0117
-5,-2,-0.0055
-5,0,0
-5,2,0.0063
-5,4,0.0127
-5,6,0.0214
-5,8,0.0297
-5,10,0.0398
-5,15,0.0553
-5,20,0.0693
-5,25,0.0843
-5,30,0.0933
0,-30,-0.1058
0,-25,-0.0916
0,-20,-0.0749
0,-15,-0.0578
0,-10,-0.0413
0,-8,-0.0317
0,-6,-0.0226
0,-4,-0.0138
0,-2,-0.0066
0,0,0
0,2,0.0061
0,4,0.0135
0,6,0.0255
0,8,0.0324
0,10,0.0414
0,15,0.0579
0,20,0.0746
0,25,0.0914
0,30,0.1055
5,-30,-0.1074
5,-25,-0.0916
5,-20,-0.0754
5,-15,-0.0587
5,-10,-0.0415
5,-8,-0.0329
5,-6,-0.0227
5,-4,-0.0145
5,-2,-0.0064
5,0,0
5,2,0.0061
5,4,0.0148
5,6,0.0231
5,8,0.0335
5,10,0.0421
5,15,0.0594
5,20,0.0762
5,25,0.0914
5,30,0.1079
10,-30,-0.0981
10,-25,-0.0798
10,-20,-0.0718
10,-15,-0.0568
10,-10,-0.0416
10,-8,-0.0326
10,-6,-0.0232
10,-4,-0.0146
10,-2,-0.006
10,0,0
10,2,0.0063
10,4,0.0147
10,6,0.024
10,8,0.0332
10,10,0.0427
10,15,0.0579
10,20,0.0727
10,25,0.0809
10,30,0.0995
15,-30,-0.0812
15,-25,-0.0592
15,-20,-0.0537
15,-15,-0.0513
15,-10,-0.0375
15,-8,-0.0301
15,-6,-0.0212
15,-4,-0.0121
15,-2,-0.0052
15,0,0
15,2,0.0063
15,4,0.0141
15,6,0.0243
15,8,0.0334
15,10,0.0404
15,15,0.0541
15,20,0.0566
15,25,0.0622
15,30,0.084
20,-30,-0.0684
20,-25,-0.0491
20,-20,-0.029
20,-15,-0.0321
20,-10,-0.0308
20,-8,-0.0262
20,-6,-0.0179
20,-4,-0.0102
20,-2,-0.0042
20,0,0
20,2,0.0018
20,4,0.0068
20,6,0.0152
20,8,0.0233
20,10,0.0296
20,15,0.309
20,20,0.0279
20,25,0.0479
20,30,0.0674
25,-30,-0.0528
25,-25,-0.0411
25,-20,-0.0223
25,-15,-0.0229
25,-10,-0.024
25,-8,-0.0188
25,-6,-0.0129
25,-4,-0.0072
25,-2,-0.0029
25,0,0
25,2,0.0033
25,4,0.0088
25,6,0.0147
25,8,0.0216
25,10,0.0258
25,15,0.0251
25,20,0.0242
25,25,0.0429
25,30,0.0547
30,-30,-0.03
30,-25,0.0002
30,-20,0.0115
30,-15,0.0164
30,-10,0.0091
30,-8,-0.0037
30,-6,-0.0024
30,-4,0.0009
30,-2,0.0025
30,0,0
30,2,-0.0029
30,4,-0.0023
30,6,-0.0013
30,8,-0.0003
30,10,-0.0019
30,15,-0.0097
30,20,-0.0042
30,25,0.0069
30,30,0.037
35,-30,-0.0098
35,-25,0.0168
35,-20,0.0392
35,-15,0.0514
35,-10,0.0396
35,-8,0.034
35,-6,0.0163
35,-4,0.0103
35,-2,0.0069
35,0,0
35,2,-0.0097
35,4,-0.0147
35,6,-0.0157
35,8,-0.0189
35,10,-0.0295
35,15,-0.0415
35,20,-0.0291
35,25,-0.0068
35,30,0.0194
40,-30,-0.0025
40,-25,0.0054
40,-20,0.0683
40,-15,0.0744
40,-10,0.0506
40,-8,0.0351
40,-6,0.0207
40,-4,0.0131
40,-2,0.0052
40,0,0
40,2,-0.0071
40,4,-0.0136
40,6,-0.0216
40,8,-0.0329
40,10,-0.044
40,15,-0.0677
40,20,-0.0622
40,25,0.0012
40,30,0.0202
45,-30,-0.0111
45,-25,0.001
45,-20,0.0294
45,-15,0.0612
45,-10,0.0451
45,-8,0.0369
45,-6,0.0293
45,-4,0.0201
45,-2,0.0116
45,0,0
45,2,-0.0237
45,4,-0.0375
45,6,-0.046
45,8,-0.0565
45,10,-0.0694
45,15,-0.0847
45,20,-0.053
45,25,-0.0246
45,30,-0.0126
50,-30,-0.0256
50,-25,-0.0136
50,-20,0.0058
50,-15,0.0287
50,-10,0.0254
50,-8,0.0231
50,-6,0.0233
50,-4,0.0105
50,-2,0.0078
50,0,0
50,2,-0.0063
50,4,-0.0217
50,6,-0.0355
50,8,-0.0456
50,10,-0.0548
50,15,-0.0574
50,20,-0.0346
50,25,-0.0161
50,30,-0.0046
55,-30,-0.0302
55,-25,-0.0228
55,-20,-0.013
55,-15,0.014
55,-10,0.004
55,-8,0.0027
55,-6,-0.0023
55,-4,-0.007
55,-2,0.0043
55,0,0
55,2,0.0028
55,4,-0.0058
55,6,-0.0172
55,8,-0.0239
55,10,-0.0258
55,15,-0.0361
55,20,-0.0355
55,25,0.0014
55,30,0.0073
60,-30,-0.0188
60,-25,-0.0075
60,-20,0.0211
60,-15,0.008
60,-10,-0.0061
60,-8,-0.01
60,-6,-0.0174
60,-4,-0.219
60,-2,-0.0079
60,0,0
60,2,0.0075
60,4,0.0103
60,6,0.0043
60,8,-0.0013
60,10,-0.0019
60,15,-0.0156
60,20,-0.284
60,25,0.0004
60,30,0.011
70,-30,0.0296
70,-25,0.0316
70,-20,0.021
70,-15,0.0092
70,-10,0.0003
70,-8,-0.0062
70,-6,-0.0128
70,-4,-0.0193
70,-2,-0.0187
70,0,0
70,2,0.0039
70,4,0.0151
70,6,0.0163
70,8,0.0116
70,10,0.0059
70,15,-0.0023
70,20,-0.0141
70,25,-0.0246
70,30,-0.0228
80,-30,0.0264
80,-25,0.0351
80,-20,0.0254
80,-15,0.018
80,-10,0.0133
80,-8,0.0126
80,-6,0.0107
80,-4,0.0079
80,-2,0.0055
80,0,0
80,2,-0.0001
80,4,0.006
80,6,-0.0033
80,8,-0.0069
80,10,-0.0075
80,15,-0.013
80,20,-0.0198
80,25,-0.0242
80,30,-0.0209
90,-30,0.0274
90,-25,0.0128
90,-20,0.0118
90,-15,0.0059
90,-10,0.0051
90,-8,0.0044
90,-6,0.0031
90,-4,0.0027
90,-2,0.0017
90,0,0
90,2,-0.0018
90,4,-0.0023
90,6,-0.0031
90,8,-0.0048
90,10,-0.0048
90,15,-0.0054
90,20,-0.0111
90,25,-0.0121
90,30,-0.0163
