-20,-30,-0.0639
-20,-25,-0.0628
-20,-20,-0.0616
-20,-15,-0.055
-20,-10,-0.0359
-20,-8,-0.0267
-20,-6,-0.0188
-20,-4,-0.0119
-20,-2,-0.0093
-20,0,-0.0089
-20,2,-0.0081
-20,4,-0.0071
-20,6,-0.0043
-20,8,-0.0004
-20,10,0.002
-20,15,0.0211
-20,20,0.0277
-20,25,0.0289
-20,30,0.03
-15,-30,-0.0619
-15,-25,-0.0554
-15,-20,-0.049
-15,-15,-0.0384
-15,-10,-0.0336
-15,-8,-0.0279
-15,-6,-0.0232
-15,-4,-0.0174
-15,-2,-0.0137
-15,0,-0.0098
-15,2,-0.0066
-15,4,-0.0042
-15,6,0.0002
-15,8,0.0088
-15,10,0.0134
-15,15,0.0182
-15,20,0.0288
-15,25,0.0352
-15,30,0.0417
-10,-30,-0.0679
-10,-25,-0.0599
-10,-20,-0.0544
-10,-15,-0.0465
-10,-10,-0.0396
-10,-8,-0.0322
-10,-6,-0.0254
-10,-4,-0.0193
-10,-2,-0.0139
-10,0,-0.0091
-10,2,-0.0055
-10,4,-0.0007
-10,6,0.0047
-10,8,0.012
-10,10,0.0186
-10,15,0.0255
-10,20,0.0334
-10,25,0.0389
-10,30,0.0469
-5,-30,-0.108
-5,-25,-0.0994
-5,-20,-0.0838
-5,-15,-0.0677
-5,-10,-0.046
-5,-8,-0.0398
-5,-6,-0.0321
-5,-4,-0.0248
-5,-2,-0.0176
-5,0,-0.0111
-5,2,-0.0054
-5,4,0.0008
-5,6,0.0074
-5,8,0.0159
-5,10,0.0246
-5,15,0.0463
-5,20,0.0624
-5,25,0.078
-5,30,0.0866
0,-30,-0.2134
0,-25,-0.1094
0,-20,-0.0915
0,-15,-0.0721
0,-10,-0.0498
0,-8,-0.0448
0,-6,-0.0377
0,-4,-0.0277
0,-2,-0.0193
0,0,-0.12
0,2,-0.0056
0,4,0.0015
0,6,0.0092
0,8,0.0175
0,10,0.0268
0,15,0.0491
0,20,0.0685
0,25,0.0864
0,30,0.1004
5,-30,-0.1245
5,-25,-0.11
5,-20,-0.0939
5,-15,-0.073
5,-10,-0.0496
5,-8,-0.044
5,-6,-0.036
5,-4,-0.0265
5,-2,-0.0176
5,0,-0.0105
5,2,-0.0037
5,4,0.0024
5,6,0.0109
5,8,0.0194
5,10,0.0285
5,15,0.0519
5,20,0.0728
5,25,0.0889
5,30,0.1034
10,-30,-0.1118
10,-25,-0.102
10,-20,-0.0894
10,-15,-0.069
10,-10,-0.0486
10,-8,-0.044
10,-6,-0.0349
10,-4,-0.0267
10,-2,-0.0171
10,0,-0.009
10,2,-0.002
10,4,0.0047
10,6,0.0132
10,8,0.022
10,10,0.0318
10,15,0.0522
10,20,0.0726
10,25,0.0852
10,30,0.095
15,-30,-0.0967
15,-25,-0.0807
15,-20,-0.0737
15,-15,-0.0628
15,-10,-0.0472
15,-8,-0.0416
15,-6,-0.0379
15,-4,-0.0234
15,-2,-0.0136
15,0,-0.0066
15,2,-0.0003
15,4,0.0069
15,6,0.0158
15,8,0.0231
15,10,0.0328
15,15,0.0484
15,20,0.0593
15,25,0.0663
15,30,0.0823
20,-30,-0.067
20,-25,-0.0561
20,-20,-0.0505
20,-15,-0.0472
20,-10,-0.0358
20,-8,-0.0269
20,-6,-0.0198
20,-4,-0.0111
20,-2,-0.0029
20,0,0.0001
20,2,0.0015
20,4,0.0052
20,6,0.0121
20,8,0.0204
20,10,0.0273
20,15,0.0387
20,20,0.042
20,25,0.0476
20,30,0.0585
25,-30,-0.0353
25,-25,-0.0316
25,-20,-0.201
25,-15,-0.0243
25,-10,-0.0175
25,-8,-0.013
25,-6,-0.0079
25,-4,-0.0037
25,-2,0.0012
25,0,0.0045
25,2,0.0072
25,4,0.0106
25,6,0.0159
25,8,0.0217
25,10,0.0277
25,15,0.0345
25,20,0.0303
25,25,0.0418
25,30,0.0455
30,-30,-0.0187
30,-25,0.0091
30,-20,0.023
30,-15,0.0196
30,-10,0.0132
30,-8,0.0026
30,-6,0.0021
30,-4,0.0056
30,-2,0.0082
30,0,0.0065
30,2,0.0039
30,4,0.0022
30,6,0.003
30,8,0.0055
30,10,0.0045
30,15,-0.0019
30,20,-0.0053
30,25,0.0086
30,30,0.0364
35,-30,0.007
35,-25,0.0357
35,-20,0.0548
35,-15,0.0658
35,-10,0.0468
35,-8,0.0383
35,-6,0.0219
35,-4,0.0178
35,-2,0.0138
35,0,0.0099
35,2,0.0011
35,4,-0.0052
35,6,-0.0082
35,8,-0.0098
35,10,-0.0174
35,15,-0.0364
35,20,-0.0254
35,25,-0.0063
35,30,0.0224
40,-30,0.0056
40,-25,0.0322
40,-20,0.0831
40,-15,0.0881
40,-10,0.0563
40,-8,0.0395
40,-6,0.0271
40,-4,0.0187
40,-2,0.0127
40,0,0.0044
40,2,-0.0009
40,4,-0.006
40,6,-0.0131
40,8,-0.0224
40,10,-0.0328
40,15,-0.0646
40,20,-0.0578
40,25,-0.0087
40,30,0.0179
45,-30,0.0046
45,-25,0.0141
45,-20,0.0404
45,-15,0.0642
45,-10,0.0513
45,-8,0.0416
45,-6,0.0319
45,-4,0.0252
45,-2,0.0164
45,0,0.0097
45,2,-0.0062
45,4,-0.0283
45,6,-0.0386
45,8,-0.0475
45,10,-0.0583
45,15,-0.0712
45,20,-0.0474
45,25,-0.0211
45,30,-0.0116
50,-30,-0.0109
50,-25,-0.0043
50,-20,0.0157
50,-15,0.0385
50,-10,0.0386
50,-8,0.0357
50,-6,0.0282
50,-4,0.0229
50,-2,0.0196
50,0,0.013
50,2,0.0071
50,4,-0.014
50,6,-0.0211
50,8,-0.0198
50,10,-0.0452
50,15,-0.0451
50,20,-0.0223
50,25,-0.0023
50,30,0.0043
55,-30,-0.01
55,-25,-0.0124
55,-20,0.0256
55,-15,0.0303
55,-10,0.0237
55,-8,0.0233
55,-6,0.0166
55,-4,0.0132
55,-2,0.0193
55,0,0.0167
55,2,0.0175
55,4,0.0025
55,6,-0.0042
55,8,-0.006
55,10,-0.0183
55,15,-0.0249
55,20,-0.0202
55,25,0.0178
55,30,0.0154
60,-30,0.0047
60,-25,-0.0008
60,-20,0.0281
60,-15,0.0257
60,-10,0.0165
60,-8,0.0169
60,-6,0.0115
60,-4,0.0092
60,-2,0.0207
60,0,0.0182
60,2,0.0236
60,4,0.0195
60,6,0.0158
60,8,0.0112
60,10,0.0039
60,15,-0.0053
60,20,-0.0077
60,25,0.0212
60,30,0.0157
70,-30,0.047
70,-25,0.0426
70,-20,0.0308
70,-15,0.0301
70,-10,0.0253
70,-8,0.0186
70,-6,0.016
70,-4,0.0206
70,-2,0.019
70,0,0.0154
70,2,0.0245
70,4,0.0216
70,6,0.0283
70,8,0.0218
70,10,0.0156
70,15,0.0108
70,20,0.0101
70,25,-0.0017
70,30,-0.0061
80,-30,0.041
80,-25,0.0414
80,-20,0.0368
80,-15,0.0314
80,-10,0.0251
80,-8,0.0248
80,-6,0.0233
80,-4,0.0184
80,-2,0.0156
80,0,0.0138
80,2,0.0154
80,4,0.0133
80,6,0.0101
80,8,0.0075
80,10,0.0081
80,15,0.0018
80,20,-0.0036
80,25,-0.0082
80,30,-0.0078
90,-30,0.032
90,-25,0.0287
90,-20,0.0237
90,-15,0.0165
90,-10,0.0165
90,-8,0.0153
90,-6,0.0151
90,-4,0.0155
90,-2,0.0138
90,0,0.0125
90,2,0.0113
90,4,0.011
90,6,0.0101
90,8,0.0101
90,10,0.0117
90,15,0.0117
90,20,0.0045
90,25,-0.0005
90,30,-0.0038
