-20,-30,0.723
-20,-25,0.75
-20,-20,0.744
-20,-15,0.744
-20,-10,0.711
-20,-8,0.709
-20,-6,0.697
-20,-4,0.697
-20,-2,0.696
-20,0,0.71
-20,2,0.704
-20,4,0.715
-20,6,0.72
-20,8,0.721
-20,10,0.721
-20,15,0.75
-20,20,0.75
-20,25,0.74
-20,30,0.71
-15,-30,0.512
-15,-25,0.495
-15,-20,0.461
-15,-15,0.465
-15,-10,0.47
-15,-8,0.47
-15,-6,0.471
-15,-4,0.467
-15,-2,0.483
-15,0,0.476
-15,2,0.481
-15,4,0.472
-15,6,0.475
-15,8,0.473
-15,10,0.473
-15,15,0.465
-15,20,0.47
-15,25,0.49
-15,30,0.515
-10,-30,0.249
-10,-25,0.212
-10,-20,0.186
-10,-15,0.195
-10,-10,0.203
-10,-8,0.205
-10,-6,0.202
-10,-4,0.203
-10,-2,0.207
-10,0,0.205
-10,2,0.2
-10,4,0.194
-10,6,0.198
-10,8,0.198
-10,10,0.201
-10,15,0.185
-10,20,0.19
-10,25,0.21
-10,30,0.25
-5,-30,0.1
-5,-25,0.09
-5,-20,0.09
-5,-15,0.095
-5,-10,0.111
-5,-8,0.122
-5,-6,0.122
-5,-4,0.122
-5,-2,0.121
-5,0,0.125
-5,2,0.121
-5,4,0.114
-5,6,0.107
-5,8,0.097
-5,10,0.101
-5,15,0.081
-5,20,0.077
-5,25,0.077
-5,30,0.093
0,-30,-0.15
0,-25,-0.19
0,-20,-0.22
0,-15,-0.235
0,-10,-0.232
0,-8,-0.224
0,-6,-0.224
0,-4,-0.221
0,-2,-0.227
0,0,-0.228
0,2,-0.231
0,4,-0.232
0,6,-0.239
0,8,-0.241
0,10,-0.244
0,15,-0.244
0,20,-0.232
0,25,-0.207
0,30,-0.164
5,-30,-0.385
5,-25,-0.46
5,-20,-0.515
5,-15,-0.555
5,-10,-0.566
5,-8,-0.563
5,-6,-0.566
5,-4,-0.571
5,-2,-0.572
5,0,-0.578
5,2,-0.578
5,4,-0.599
5,6,-0.588
5,8,-0.577
5,10,-0.579
5,15,-0.559
5,20,-0.528
5,25,-0.467
5,30,-0.398
10,-30,-0.62
10,-25,-0.69
10,-20,-0.76
10,-15,-0.83
10,-10,-0.892
10,-8,-0.891
10,-6,-0.91
10,-4,-0.924
10,-2,-0.939
10,0,-0.946
10,2,-0.949
10,4,-0.936
10,6,-0.945
10,8,-0.924
10,10,-0.913
10,15,-0.876
10,20,-0.813
10,25,-0.724
10,30,-0.626
15,-30,-0.865
15,-25,-0.99
15,-20,-1.09
15,-15,-1.17
15,-10,-1.208
15,-8,-1.215
15,-6,-1.239
15,-4,-1.25
15,-2,-1.269
15,0,-1.253
15,2,-1.24
15,4,-1.255
15,6,-1.255
15,8,-1.257
15,10,-1.245
15,15,-1.198
15,20,-1.103
15,25,-0.99
15,30,-0.891
20,-30,-1.055
20,-25,-1.195
20,-20,-1.32
20,-15,-1.43
20,-10,-1.519
20,-8,-1.55
20,-6,-1.564
20,-4,-1.558
20,-2,-1.555
20,0,-1.554
20,2,-1.563
20,4,-1.549
20,6,-1.577
20,8,-1.578
20,10,-1.563
20,15,-1.453
20,20,-1.358
20,25,-1.241
20,30,-1.097
25,-30,-1.36
25,-25,-1.46
25,-20,-1.57
25,-15,-1.67
25,-10,-1.763
25,-8,-1.797
25,-6,-1.794
25,-4,-1.806
25,-2,-1.82
25,0,-1.814
25,2,-1.811
25,4,-1.816
25,6,-1.798
25,8,-1.8
25,10,-1.785
25,15,-1.661
25,20,-1.595
25,25,-1.479
25,30,-1.371
30,-30,-1.52
30,-25,-1.635
30,-20,-1.75
30,-15,-1.87
30,-10,-1.989
30,-8,-2.058
30,-6,-2.095
30,-4,-2.107
30,-2,-2.112
30,0,-2.108
30,2,-2.106
30,4,-2.094
30,6,-2.079
30,8,-2.066
30,10,-2.043
30,15,-1.943
30,20,-1.804
30,25,-1.681
30,30,-1.568
35,-30,-1.615
35,-25,-1.75
35,-20,-1.875
35,-15,-1.995
35,-10,-2.111
35,-8,-2.154
35,-6,-2.2
35,-4,-2.24
35,-2,-2.242
35,0,-2.248
35,2,-2.261
35,4,-2.255
35,6,-2.231
35,8,-2.198
35,10,-2.155
35,15,-2.037
35,20,-1.915
35,25,-1.76
35,30,-1.67
40,-30,-1.775
40,-25,-1.875
40,-20,-1.98
40,-15,-2.095
40,-10,-2.216
40,-8,-2.287
40,-6,-2.269
40,-4,-2.301
40,-2,-2.21
40,0,-2.337
40,2,-2.345
40,4,-2.328
40,6,-2.271
40,8,-2.259
40,10,-2.229
40,15,-2.089
40,20,-1.991
40,25,-1.897
40,30,-1.804
45,-30,-1.74
45,-25,-1.845
45,-20,-1.925
45,-15,-2
45,-10,-2.13
45,-8,-2.251
45,-6,-2.286
45,-4,-2.27
45,-2,-2.239
45,0,-2.327
45,2,-2.289
45,4,-2.288
45,6,-2.312
45,8,-2.282
45,10,-2.232
45,15,-2.099
45,20,-2.03
45,25,-1.945
45,30,-1.834
50,-30,-1.57
50,-25,-1.74
50,-20,-1.9
50,-15,-2.05
50,-10,-2.156
50,-8,-2.216
50,-6,-2.203
50,-4,-2.158
50,-2,-2.175
50,0,-2.261
50,2,-2.266
50,4,-2.262
50,6,-2.255
50,8,-2.153
50,10,-2.201
50,15,-2.11
50,20,-1.984
50,25,-1.841
50,30,-1.637
55,-30,-1.7
55,-25,-1.81
55,-20,-1.88
55,-15,-1.95
55,-10,-2.043
55,-8,-2.17
55,-6,-2.184
55,-4,-2.111
55,-2,-2.204
55,0,-2.231
55,2,-2.203
55,4,-2.102
55,6,-2.135
55,8,-2.173
55,10,-2.107
55,15,-1.95
55,20,-1.892
55,25,-1.877
55,30,-1.765
60,-30,-1.795
60,-25,-1.895
60,-20,-1.96
60,-15,-2.02
60,-10,-2.113
60,-8,-2.094
60,-6,-2.124
60,-4,-2.124
60,-2,-2.134
60,0,-2.174
60,2,-2.177
60,4,-2.103
60,6,-2.153
60,8,-2.176
60,10,-2.144
60,15,-2
60,20,-1.96
60,25,-1.93
60,30,-1.838
70,-30,-1.78
70,-25,-1.785
70,-20,-1.79
70,-15,-1.81
70,-10,-1.873
70,-8,-1.943
70,-6,-2.059
70,-4,-2.274
70,-2,-2
70,0,-2.259
70,2,-2.211
70,4,-1.885
70,6,-2.221
70,8,-2.212
70,10,-2.125
70,15,-1.97
70,20,-1.907
70,25,-1.882
70,30,-1.874
80,-30,-1.95
80,-25,-1.98
80,-20,-1.98
80,-15,-1.96
80,-10,-1.911
80,-8,-1.881
80,-6,-1.955
80,-4,-2.005
80,-2,-1.894
80,0,-1.899
80,2,-2.009
80,4,-2.014
80,6,-2.101
80,8,-2.014
80,10,-1.825
80,15,-1.84
80,20,-1.899
80,25,-1.922
80,30,-1.873
90,-30,-1.925
90,-25,-1.92
90,-20,-1.87
90,-15,-1.885
90,-10,-1.969
90,-8,-2.071
90,-6,-2.029
90,-4,-2.039
90,-2,-2.07
90,0,-2.069
90,2,-2.026
90,4,-2.005
90,6,-2
90,8,-2.085
90,10,-2.007
90,15,-1.935
90,20,-1.948
90,25,-1.989
90,30,-1.951
