-20,-30,1.021
-20,-25,1.066
-20,-20,1.116
-20,-15,1.126
-20,-10,1.139
-20,-8,1.108
-20,-6,1.103
-20,-4,1.07
-20,-2,1.041
-20,0,1.039
-20,2,1.071
-20,4,1.076
-20,6,1.089
-20,8,1.086
-20,10,1.078
-20,15,1.07
-20,20,1.046
-20,25,1.007
-20,30,0.957
-15,-30,0.815
-15,-25,0.838
-15,-20,0.846
-15,-15,0.863
-15,-10,0.854
-15,-8,0.848
-15,-6,0.844
-15,-4,0.841
-15,-2,0.846
-15,0,0.849
-15,2,0.856
-15,4,0.852
-15,6,0.853
-15,8,0.848
-15,10,0.863
-15,15,0.863
-15,20,0.856
-15,25,0.841
-15,30,0.82
-10,-30,0.622
-10,-25,0.618
-10,-20,0.603
-10,-15,0.609
-10,-10,0.606
-10,-8,0.602
-10,-6,0.599
-10,-4,0.592
-10,-2,0.6
-10,0,0.596
-10,2,0.605
-10,4,0.607
-10,6,0.609
-10,8,0.609
-10,10,0.609
-10,15,0.607
-10,20,0.607
-10,25,0.611
-10,30,0.619
-5,-30,0.181
-5,-25,0.176
-5,-20,0.179
-5,-15,0.184
-5,-10,0.198
-5,-8,0.212
-5,-6,0.213
-5,-4,0.215
-5,-2,0.202
-5,0,0.205
-5,2,0.202
-5,4,0.198
-5,6,0.192
-5,8,0.183
-5,10,0.18
-5,15,0.165
-5,20,0.163
-5,25,0.155
-5,30,0.169
0,-30,-0.069
0,-25,-0.1
0,-20,-0.125
0,-15,-0.131
0,-10,-0.122
0,-8,-0.12
0,-6,-0.114
0,-4,-0.112
0,-2,-0.115
0,0,-0.114
0,2,-0.117
0,4,-0.117
0,6,-0.121
0,8,-0.123
0,10,-0.126
0,15,-0.134
0,20,-0.122
0,25,-0.109
0,30,-0.075
5,-30,-0.339
5,-25,-0.4
5,-20,-0.444
5,-15,-0.474
5,-10,-0.48
5,-8,-0.48
5,-6,-0.481
5,-4,-0.486
5,-2,-0.487
5,0,-0.49
5,2,-0.49
5,4,-0.504
5,6,-0.496
5,8,-0.491
5,10,-0.493
5,15,-0.483
5,20,-0.458
5,25,-0.412
5,30,-0.354
10,-30,-0.585
10,-25,-0.63
10,-20,-0.715
10,-15,-0.768
10,-10,-0.806
10,-8,-0.81
10,-6,-0.824
10,-4,-0.833
10,-2,-0.844
10,0,-0.849
10,2,-0.851
10,4,-0.842
10,6,-0.846
10,8,-0.831
10,10,-0.825
10,15,-0.801
10,20,-0.752
10,25,-0.676
10,30,-0.595
15,-30,-0.843
15,-25,-0.947
15,-20,-1.031
15,-15,-1.097
15,-10,-1.133
15,-8,-1.147
15,-6,-1.167
15,-4,-1.175
15,-2,-1.182
15,0,-1.177
15,2,-1.171
15,4,-1.176
15,6,-1.175
15,8,-1.171
15,10,-1.158
15,15,-1.12
15,20,-1.047
15,25,-0.954
15,30,-0.864
20,-30,-1.104
20,-25,-1.2
20,-20,-1.287
20,-15,-1.356
20,-10,-1.404
20,-8,-1.431
20,-6,-1.446
20,-4,-1.453
20,-2,-1.445
20,0,-1.442
20,2,-1.435
20,4,-1.43
20,6,-1.434
20,8,-1.428
20,10,-1.414
20,15,-1.357
20,20,-1.286
20,25,-1.215
20,30,-1.11
25,-30,-1.362
25,-25,-1.458
25,-20,-1.56
25,-15,-1.655
25,-10,-1.741
25,-8,-1.771
25,-6,-1.771
25,-4,-1.782
25,-2,-1.794
25,0,-1.789
25,2,-1.787
25,4,-1.791
25,6,-1.775
25,8,-1.775
25,10,-1.76
25,15,-1.646
25,20,-1.582
25,25,-1.473
25,30,-1.37
30,-30,-1.52
30,-25,-1.63
30,-20,-1.74
30,-15,-1.854
30,-10,-1.968
30,-8,-2.037
30,-6,-2.07
30,-4,-2.081
30,-2,-2.083
30,0,-2.082
30,2,-2.08
30,4,-2.07
30,6,-2.054
30,8,-2.039
30,10,-2.016
30,15,-1.929
30,20,-1.79
30,25,-1.673
30,30,-1.563
35,-30,-1.69
35,-25,-1.856
35,-20,-2.006
35,-15,-2.136
35,-10,-2.152
35,-8,-2.255
35,-6,-2.26
35,-4,-2.326
35,-2,-2.317
35,0,-2.308
35,2,-2.355
35,4,-2.341
35,6,-2.302
35,8,-2.259
35,10,-2.219
35,15,-2.081
35,20,-1.938
35,25,-1.76
35,30,-1.679
40,-30,-1.849
40,-25,-1.949
40,-20,-2.054
40,-15,-2.169
40,-10,-2.29
40,-8,-2.361
40,-6,-2.343
40,-4,-2.375
40,-2,-2.284
40,0,-2.411
40,2,-2.419
40,4,-2.402
40,6,-2.345
40,8,-2.333
40,10,-2.303
40,15,-2.163
40,20,-2.065
40,25,-1.971
40,30,-1.878
45,-30,-1.59
45,-25,-1.484
45,-20,-1.741
45,-15,-2
45,-10,-2.193
45,-8,-2.279
45,-6,-2.186
45,-4,-2.262
45,-2,-2.395
45,0,-2.306
45,2,-2.373
45,4,-2.369
45,6,-2.295
45,8,-2.293
45,10,-2.262
45,15,-2.175
45,20,-1.993
45,25,-1.555
45,30,-1.661
50,-30,-1.707
50,-25,-1.891
50,-20,-2.013
50,-15,-2.255
50,-10,-2.141
50,-8,-2.2
50,-6,-2.204
50,-4,-2.165
50,-2,-2.179
50,0,-2.261
50,2,-2.283
50,4,-2.281
50,6,-2.294
50,8,-2.182
50,10,-2.218
50,15,-2.178
50,20,-1.936
50,25,-1.814
50,30,-1.63
55,-30,-1.735
55,-25,-1.838
55,-20,-1.844
55,-15,-1.904
55,-10,-2.133
55,-8,-2.159
55,-6,-2.217
55,-4,-2.209
55,-2,-2.184
55,0,-2.231
55,2,-2.186
55,4,-2.068
55,6,-2.115
55,8,-2.145
55,10,-2.18
55,15,-1.951
55,20,-1.891
55,25,-1.885
55,30,-1.782
60,-30,-1.799
60,-25,-1.889
60,-20,-1.917
60,-15,-1.942
60,-10,-2.097
60,-8,-2.065
60,-6,-2.112
60,-4,-2.123
60,-2,-2.14
60,0,-2.185
60,2,-2.164
60,4,-2.065
60,6,-2.107
60,8,-2.142
60,10,-2.121
60,15,-1.996
60,20,-1.941
60,25,-1.913
60,30,-1.823
70,-30,-1.753
70,-25,-1.752
70,-20,-1.797
70,-15,-1.779
70,-10,-1.987
70,-8,-2.048
70,-6,-2.157
70,-4,-2.149
70,-2,-2.048
70,0,-2.268
70,2,-2.178
70,4,-2.064
70,6,-2.142
70,8,-2.161
70,10,-2.102
70,15,-1.894
70,20,-1.912
70,25,-1.867
70,30,-1.868
80,-30,-2.067
80,-25,-2.123
80,-20,-2.107
80,-15,-2.145
80,-10,-2.053
80,-8,-1.911
80,-6,-1.974
80,-4,-2.024
80,-2,-1.926
80,0,-1.94
80,2,-1.967
80,4,-1.891
80,6,-1.978
80,8,-1.976
80,10,-1.872
80,15,-1.964
80,20,-1.926
80,25,-1.942
80,30,-1.886
90,-30,-2.008
90,-25,-2.02
90,-20,-1.955
90,-15,-2.076
90,-10,-2.026
90,-8,-2.116
90,-6,-2.061
90,-4,-2.057
90,-2,-2.073
90,0,-2.057
90,2,-2.034
90,4,-2.033
90,6,-2.03
90,8,-2.095
90,10,-1.996
90,15,-2.046
90,20,-1.925
90,25,-1.99
90,30,-1.978
