-20,-30,0.3677
-20,-25,0.307
-20,-20,0.246
-20,-15,0.1844
-20,-10,0.1062
-20,-8,0.085
-20,-6,0.0677
-20,-4,0.038
-20,-2,0.0186
-20,0,0
-20,2,-0.0232
-20,4,-0.0467
-20,6,-0.0747
-20,8,-0.1078
-20,10,-0.1421
-20,15,-0.221
-20,20,-0.2861
-20,25,-0.3461
-20,30,-0.4081
-15,-30,0.4019
-15,-25,0.322
-15,-20,0.2651
-15,-15,0.1964
-15,-10,0.1332
-15,-8,0.1039
-15,-6,0.0753
-15,-4,0.0442
-15,-2,0.0175
-15,0,0
-15,2,-0.0188
-15,4,-0.0402
-15,6,-0.0681
-15,8,-0.1004
-15,10,-0.1317
-15,15,-0.193
-15,20,-0.254
-15,25,-0.319
-15,30,-0.398
-10,-30,0.4367
-10,-25,0.3823
-10,-20,0.3186
-10,-15,0.2462
-10,-10,0.1513
-10,-8,0.1156
-10,-6,0.076
-10,-4,0.00434
-10,-2,0.0161
-10,0,0
-10,2,-0.0124
-10,4,-0.043
-10,6,-0.0792
-10,8,-0.1171
-10,10,-0.1542
-10,15,-0.2482
-10,20,-0.3212
-10,25,-0.3842
-10,30,-0.4382
-5,-30,0.5538
-5,-25,0.4778
-5,-20,0.3758
-5,-15,0.2818
-5,-10,0.1833
-5,-8,0.1449
-5,-6,0.1055
-5,-4,0.0622
-5,-2,0.0325
-5,0,0
-5,2,-0.042
-5,4,-0.0763
-5,6,-0.1177
-5,8,-0.1575
-5,10,-0.2072
-5,15,-0.3041
-5,20,-0.4001
-5,25,-0.5013
-5,30,-0.5794
0,-30,0.6218
0,-25,0.5258
0,-20,0.4208
0,-15,0.3088
0,-10,0.2014
0,-8,0.1553
0,-6,0.1138
0,-4,0.0726
0,-2,0.0371
0,0,0
0,2,-0.0394
0,4,-0.0764
0,6,-0.1191
0,8,-0.1674
0,10,-0.2134
0,15,-0.3198
0,20,-0.4315
0,25,-0.5369
0,30,-0.64
5,-30,0.6544
5,-25,0.5514
5,-20,0.4294
5,-15,0.3124
5,-10,0.2028
5,-8,0.1607
5,-6,0.1133
5,-4,0.0767
5,-2,0.0331
5,0,0
5,2,-0.0383
5,4,-0.0819
5,6,-0.1233
5,8,-0.1705
5,10,-0.2173
5,15,-0.3257
5,20,-0.443
5,25,-0.5506
5,30,-0.6514
10,-30,0.6255
10,-25,0.5185
10,-20,0.4225
10,-15,0.3065
10,-10,0.2016
10,-8,0.1597
10,-6,0.1131
10,-4,0.0748
10,-2,0.0345
10,0,0
10,2,-0.0383
10,4,-0.0786
10,6,-0.1204
10,8,-0.1668
10,10,-0.2171
10,15,-0.3204
10,20,-0.4347
10,25,-0.5313
10,30,-0.6371
15,-30,0.5885
15,-25,0.4665
15,-20,0.3755
15,-15,0.2875
15,-10,0.1837
15,-8,0.1473
15,-6,0.1069
15,-4,0.0652
15,-2,0.0298
15,0,0
15,2,-0.0383
15,4,-0.077
15,6,-0.12
15,8,-0.1642
15,10,-0.2056
15,15,-0.3091
15,20,-0.3966
15,25,-0.4868
15,30,-0.61
20,-30,0.5783
20,-25,0.4633
20,-20,0.3383
20,-15,0.2563
20,-10,0.1814
20,-8,0.1504
20,-6,0.1116
20,-4,0.0703
20,-2,0.0332
20,0,0
20,2,-0.0248
20,4,-0.0558
20,6,-0.0984
20,8,-0.1366
20,10,-0.1729
20,15,-0.2479
20,20,-0.328
20,25,-0.4542
20,30,-0.5698
25,-30,0.5005
25,-25,0.4195
25,-20,0.3005
25,-15,0.2295
25,-10,0.1643
25,-8,0.1409
25,-6,0.1029
25,-4,0.0654
25,-2,0.0343
25,0,0
25,2,-0.0335
25,4,-0.0677
25,6,-0.1028
25,8,-0.1369
25,10,-0.1692
25,15,-0.2337
25,20,-0.3044
25,25,-0.4241
25,30,-0.503
30,-30,0.3751
30,-25,0.3161
30,-20,0.2291
30,-15,0.1411
30,-10,0.0927
30,-8,0.1057
30,-6,0.0911
30,-4,0.063
30,-2,0.0297
30,0,0
30,2,-0.0306
30,4,-0.0674
30,6,-0.0906
30,8,-0.1159
30,10,-0.1353
30,15,-0.1841
30,20,-0.2743
30,25,-0.36
30,30,-0.4189
35,-30,0.3292
35,-25,0.2952
35,-20,0.2112
35,-15,0.1472
35,-10,0.0857
35,-8,0.0581
35,-6,0.0651
35,-4,0.0563
35,-2,0.0264
35,0,0
35,2,-0.0214
35,4,-0.0513
35,6,-0.0806
35,8,-0.0971
35,10,-0.1022
35,15,-0.1632
35,20,-0.2282
35,25,-0.3141
35,30,-0.3488
40,-30,0.447
40,-25,0.3885
40,-20,0.3025
40,-15,0.2135
40,-10,0.0748
40,-8,0.0531
40,-6,0.0303
40,-4,0.036
40,-2,0.0123
40,0,0
40,2,-0.032
40,4,-0.0484
40,6,-0.0664
40,8,-0.0985
40,10,-0.1075
40,15,-0.1539
40,20,-0.1575
40,25,-0.1807
40,30,-0.2242
45,-30,0.1634
45,-25,0.0894
45,-20,0.044
45,-15,0.0894
45,-10,0.0782
45,-8,0.0612
45,-6,0.0458
45,-4,0.0398
45,-2,0.0279
45,0,0
45,2,-0.0868
45,4,-0.1048
45,6,-0.1365
45,8,-0.1541
45,10,-0.183
45,15,-0.194
45,20,-0.1506
45,25,-0.1951
45,30,-0.2662
50,-30,0.1366
50,-25,0.1036
50,-20,0.0916
50,-15,0.1556
50,-10,0.0866
50,-8,0.0785
50,-6,0.0555
50,-4,0.00399
50,-2,0.0303
50,0,0
50,2,-0.0178
50,4,-0.0791
50,6,-0.106
50,8,-0.1177
50,10,-0.1508
50,15,-0.2201
50,20,-0.1565
50,25,-0.1679
50,30,-0.2008
55,-30,0.1735
55,-25,0.1355
55,-20,0.1795
55,-15,0.1725
55,-10,0.1104
55,-8,0.0926
55,-6,0.0663
55,-4,0.046
55,-2,0.0424
55,0,0
55,2,-0.0087
55,4,-0.0718
55,6,-0.1065
55,8,-0.1225
55,10,-0.1468
55,15,-0.209
55,20,-0.2153
55,25,-0.1709
55,30,-0.2107
60,-30,0.2233
60,-25,0.1713
60,-20,0.2083
60,-15,0.1883
60,-10,0.123
60,-8,0.1051
60,-6,0.0788
60,-4,0.0546
60,-2,0.0474
60,0,0
60,2,-0.0048
60,4,-0.0571
60,6,-0.084
60,8,-0.1047
60,10,-0.1242
60,15,-0.1885
60,20,-0.2077
60,25,-0.1719
60,30,-0.2099
70,-30,0.2609
70,-25,0.2279
70,-20,0.1739
70,-15,0.1469
70,-10,0.1074
70,-8,0.0941
70,-6,0.0765
70,-4,0.0564
70,-2,0.0371
70,0,0
70,2,-0.0113
70,4,-0.03
70,6,-0.0477
70,8,-0.0715
70,10,-0.0859
70,15,-0.1266
70,20,-0.1534
70,25,-0.2078
70,30,-0.2421
80,-30,0.3055
80,-25,0.2595
80,-20,0.2165
80,-15,0.1635
80,-10,0.1096
80,-8,0.0871
80,-6,0.0753
80,-4,0.0498
80,-2,0.0212
80,0,0
80,2,-0.0203
80,4,-0.0361
80,6,-0.0655
80,8,-0.0804
80,10,-0.1027
80,15,-0.1554
80,20,-0.2075
80,25,-0.2495
80,30,-0.2954
90,-30,0.3078
90,-25,0.2498
90,-20,0.1998
90,-15,0.1568
90,-10,0.1089
90,-8,0.0843
90,-6,0.0658
90,-4,0.0446
90,-2,0.0203
90,0,0
90,2,-0.0263
90,4,-0.0418
90,6,-0.0611
90,8,-0.0836
90,10,-0.1068
90,15,-0.1547
90,20,-0.1986
90,25,-0.2474
90,30,-0.3047
