-20,-30,0.3747
-20,-25,0.3113
-20,-20,0.2855
-20,-15,0.2184
-20,-10,0.1376
-20,-8,0.1109
-20,-6,919
-20,-4,0.626
-20,-2,0.409
-20,0,0.019
-20,2,-0.0063
-20,4,-0.0245
-20,6,-0.0503
-20,8,-0.0785
-20,10,-0.104
-20,15,-0.1851
-20,20,-0.2531
-20,25,-0.2791
-20,30,-0.3431
-15,-30,0.3972
-15,-25,0.3293
-15,-20,0.2807
-15,-15,0.211
-15,-10,0.1468
-15,-8,0.1207
-15,-6,0.0914
-15,-4,0.0638
-15,-2,0.0383
-15,0,0.0157
-15,2,-0.0035
-15,4,-0.0242
-15,6,-0.0501
-15,8,-0.0849
-15,10,-0.1166
-15,15,-0.181
-15,20,-0.251
-15,25,-0.299
-15,30,-0.369
-10,-30,0.4252
-10,-25,0.3679
-10,-20,0.3145
-10,-15,0.2356
-10,-10,0.1679
-10,-8,0.1287
-10,-6,0.0939
-10,-4,0.0618
-10,-2,0.0315
-10,0,0.016
-10,2,-0.0001
-10,4,-0.0307
-10,6,-0.0636
-10,8,-0.0997
-10,10,-0.1352
-10,15,-0.2018
-10,20,-0.2802
-10,25,-0.3362
-10,30,-0.3912
-5,-30,0.6008
-5,-25,0.5148
-5,-20,0.4158
-5,-15,0.3148
-5,-10,0.205
-5,-8,0.1656
-5,-6,0.1276
-5,-4,0.088
-5,-2,0.0509
-5,0,0.0152
-5,2,-0.0162
-5,4,-0.054
-5,6,-0.0889
-5,8,-0.132
-5,10,-0.1783
-5,15,-0.2843
-5,20,-0.3859
-5,25,-0.4843
-5,30,-0.5669
0,-30,0.6628
0,-25,0.5668
0,-20,0.4528
0,-15,0.3338
0,-10,0.2168
0,-8,0.1837
0,-6,0.1428
0,-4,0.1001
0,-2,0.0611
0,0,0.0235
0,2,-0.0128
0,4,-0.049
0,6,-0.0919
0,8,-0.1312
0,10,-0.1783
0,15,-0.2962
0,20,-0.4152
0,25,-0.5288
0,30,-0.6256
5,-30,0.7024
5,-25,0.6094
5,-20,0.4894
5,-15,0.3584
5,-10,0.2246
5,-8,0.1894
5,-6,0.1486
5,-4,0.1064
5,-2,0.0665
5,0,0.0288
5,2,-0.0087
5,4,-0.0423
5,6,-0.088
5,8,-0.1306
5,10,-0.1756
5,15,-0.2977
5,20,-0.4218
5,25,-0.5479
5,30,-0.6396
10,-30,0.6715
10,-25,0.5855
10,-20,0.4715
10,-15,0.3535
10,-10,0.2293
10,-8,0.1934
10,-6,0.1492
10,-4,0.1093
10,-2,0.066
10,0,0.0284
10,2,-0.0093
10,4,-0.0472
10,6,-0.0885
10,8,-0.1318
10,10,-0.1832
10,15,-0.2989
10,20,-0.4277
10,25,-0.5401
10,30,-0.6267
15,-30,0.6465
15,-25,0.5355
15,-20,0.4395
15,-15,0.3285
15,-10,0.2189
15,-8,0.1786
15,-6,0.1375
15,-4,0.0978
15,-2,0.0578
15,0,0.0222
15,2,-0.0138
15,4,-0.0504
15,6,-0.0951
15,8,-0.1347
15,10,-0.1814
15,15,-0.2914
15,20,-0.4032
15,25,-0.4977
15,30,-0.6021
20,-30,0.5873
20,-25,0.4973
20,-20,0.4013
20,-15,0.3133
20,-10,0.2083
20,-8,0.1673
20,-6,0.1319
20,-4,0.0903
20,-2,0.048
20,0,0.0181
20,2,-0.0047
20,4,-0.0357
20,6,-0.0736
20,8,-0.112
20,10,-0.1514
20,15,-0.2563
20,20,-0.3433
20,25,-0.4383
20,30,-0.5262
25,-30,0.4995
25,-25,0.4185
25,-20,0.3215
25,-15,0.2495
25,-10,0.1705
25,-8,0.1496
25,-6,0.1162
25,-4,0.0842
25,-2,0.047
25,0,0.0141
25,2,-0.0168
25,4,-0.0489
25,6,-0.0834
25,8,-0.1119
25,10,-0.1575
25,15,-0.2363
25,20,-0.3079
25,25,-0.4062
25,30,-0.4874
30,-30,0.3789
30,-25,0.3202
30,-20,0.2295
30,-15,0.1481
30,-10,0.0986
30,-8,0.1119
30,-6,0.101
30,-4,0.0749
30,-2,0.0431
30,0,0.0143
30,2,-0.0146
30,4,-0.0445
30,6,-0.0763
30,8,-0.1024
30,10,-0.1254
30,15,-0.1749
30,20,-0.2563
30,25,-0.3473
30,30,-0.4057
35,-30,0.3286
35,-25,0.2712
35,-20,0.1966
35,-15,0.135
35,-10,0.0709
35,-8,0.0509
35,-6,0.0626
35,-4,0.0577
35,-2,0.0316
35,0,0.0067
35,2,-0.0154
35,4,-0.0407
35,6,-0.0679
35,8,-0.0868
35,10,-0.1076
35,15,-0.1717
35,20,-0.2333
35,25,-0.3079
35,30,-0.3653
40,-30,0.1812
40,-25,0.167
40,-20,0.1194
40,-15,0.0923
40,-10,0.0535
40,-8,0.0353
40,-6,0.0269
40,-4,0.0312
40,-2,0.0149
40,0,0.0005
40,2,-0.0191
40,4,-0.0426
40,6,-0.0615
40,8,-0.0918
40,10,-0.1074
40,15,-0.1483
40,20,-0.1712
40,25,-0.2184
40,30,-0.2338
45,-30,0.1054
45,-25,0.0775
45,-20,0.0595
45,-15,0.0456
45,-10,0.0346
45,-8,0.00039
45,-6,0.0015
45,-4,-0.0117
45,-2,-0.0198
45,0,-0.025
45,2,-0.0668
45,4,-0.1326
45,6,-0.1557
45,8,-0.1745
45,10,-0.1943
45,15,-0.2057
45,20,-0.1814
45,25,-0.216
45,30,-0.2853
50,-30,0.0947
50,-25,0.0717
50,-20,0.0668
50,-15,0.0668
50,-10,0.034
50,-8,0.0321
50,-6,0.0133
50,-4,-0.011
50,-2,-0.0257
50,0,-0.0412
50,2,-0.0597
50,4,-0.1052
50,6,-0.1322
50,8,-0.1279
50,10,-0.1826
50,15,-0.2161
50,20,-0.2142
50,25,-0.2175
50,30,-0.2434
55,-30,0.1264
55,-25,0.1026
55,-20,0.1346
55,-15,0.1186
55,-10,0.0546
55,-8,0.0359
55,-6,0.0249
55,-4,-0.0136
55,-2,-0.027
55,0,-0.0544
55,2,-0.0589
55,4,-0.1026
55,6,-0.134
55,8,-0.1419
55,10,-0.1784
55,15,-0.2409
55,20,-0.2557
55,25,-0.2224
55,30,-0.2454
60,-30,0.1655
60,-25,0.1444
60,-20,0.1574
60,-15,0.1305
60,-10,0.0734
60,-8,0.0424
60,-6,0.0329
60,-4,-0.008
60,-2,-0.0224
60,0,-0.0497
60,2,-0.0553
60,4,-0.866
60,6,-0.1117
60,8,-0.1291
60,10,-0.1527
60,15,-0.2123
60,20,-0.2423
60,25,-0.2233
60,30,-0.2445
70,-30,0.2561
70,-25,0.225
70,-20,0.1688
70,-15,0.1169
70,-10,0.082
70,-8,0.0536
70,-6,0.0358
70,-4,0.0065
70,-2,-0.0132
70,0,-0.0208
70,2,-0.0512
70,4,-0.0601
70,6,-0.0694
70,8,-0.0907
70,10,-0.1136
70,15,-0.1456
70,20,-0.193
70,25,-0.2491
70,30,-0.2794
80,-30,0.2946
80,-25,0.25
80,-20,0.201
80,-15,0.1397
80,-10,0.0941
80,-8,0.0753
80,-6,0.05
80,-4,0.0411
80,-2,0.0101
80,0,-0.0081
80,2,-0.0439
80,4,-0.0617
80,6,-0.0783
80,8,-0.0985
80,10,-0.1221
80,15,-0.1673
80,20,-0.2253
80,25,-0.2766
80,30,-0.3206
90,-30,0.2833
90,-25,0.229
90,-20,0.1788
90,-15,0.1498
90,-10,0.0986
90,-8,0.0765
90,-6,0.0565
90,-4,0.0339
90,-2,0.0099
90,0,-0.006
90,2,-0.0332
90,4,-0.0488
90,6,-0.0782
90,8,-0.1001
90,10,-0.1216
90,15,-0.1747
90,20,-0.2165
90,25,-0.2584
90,30,-0.3185
